# start output
# start values
0	-42.6213
50	-8.72089
100	-4.35084
150	-7.1215
200	-12.4215
250	-5.67303
300	-5.42676
350	-4.05871
400	-1.47227
450	-1.3022
500	-14.1097
550	-2.90728
600	-0.25699
650	-0.740284
700	-3.16874
750	-1.28104
800	-2.59155
850	-2.06691
900	-1.53361
950	-1.46025
1000	-0.683467
1050	-0.0318545
1100	-1.57133
1150	1.93148
1200	1.97248
1250	-1.14409
1300	-2.14878
1350	-1.40153
1400	-1.83063
1450	-0.741201
1500	-0.500507
1550	-1.66682
1600	0.738951
1650	1.84891
1700	1.4847
1750	2.36294
1800	-0.887034
1850	-3.26564
1900	-1.65978
1950	-2.12386
2000	0.660225
2050	0.0177958
2100	0.665452
2150	0.0177406
2200	0.464203
2250	-2.18468
2300	-0.0320274
2350	-2.28083
2400	2.0638
2450	0.475169
2500	-0.0955118
2550	0.825922
2600	-1.2426
2650	-0.152062
2700	-2.94569
2750	-0.145152
2800	0.00961542
2850	1.01543
2900	-1.56774
2950	-0.800397
3000	-6.26195
3050	-3.46232
3100	1.06299
3150	-0.615843
3200	0.772483
3250	-4.79078
3300	-3.92429
3350	-4.58184
3400	-2.7416
3450	-2.56974
3500	-3.99845
3550	-3.11728
3600	-0.688518
3650	-4.34888
3700	-0.276166
3750	-6.33214
3800	-0.915859
3850	-1.94361
3900	-1.09423
3950	-1.40327
4000	1.64085
4050	-0.021904
4100	0.333457
4150	0.0868101
4200	-1.33032
4250	-0.0624581
4300	0.894107
4350	-0.193288
4400	0.833921
4450	-0.606725
4500	-2.25173
4550	-2.05247
4600	-0.215523
4650	-0.933347
4700	-3.49251
4750	-8.50813
4800	-3.40428
4850	-2.54123
4900	0.878636
4950	-1.10566
5000	0.448148
5050	1.01606
5100	-1.25656
5150	1.89504
5200	1.32178
5250	2.53528
5300	1.65054
5350	1.10642
5400	1.56829
5450	1.37122
5500	1.75309
5550	0.81128
5600	-0.465566
5650	-1.31304
5700	-0.540805
5750	-0.1831
5800	-1.45322
5850	0.655238
5900	0.215697
5950	-1.05321
6000	0.380561
6050	-1.13535
6100	0.336246
6150	1.20412
6200	0.463748
6250	-1.19683
6300	-6.58929
6350	-1.59553
6400	-0.436658
6450	0.56623
6500	-0.798222
6550	2.47376
6600	1.36913
6650	0.125674
6700	-0.0507366
6750	0.993511
6800	-1.47048
6850	-0.209823
6900	-0.517286
6950	2.67359
7000	-1.81919
7050	-4.57508
7100	-1.43494
7150	0.995918
7200	1.18727
7250	-0.61405
7300	-0.464003
7350	0.569759
7400	-0.133795
7450	-1.46642
7500	-1.6949
7550	-1.36406
7600	-3.97523
7650	-0.36264
7700	0.00122254
7750	-0.481162
7800	0.817091
7850	0.251718
7900	0.934315
7950	-2.55353
8000	-0.0637718
8050	-3.32145
8100	-2.88048
8150	-2.80018
8200	-8.0312
8250	-1.03494
8300	-3.79267
8350	-3.00261
8400	-1.61093
8450	-1.5351
8500	-0.617253
8550	0.0401796
8600	-2.01875
8650	-0.0940436
8700	1.79038
8750	0.130465
8800	-1.88029
8850	-3.43716
8900	-7.68004
8950	-2.46781
9000	-0.829081
9050	1.10087
9100	-1.84038
9150	0.555432
9200	1.60314
9250	-0.191524
9300	-1.25866
9350	-0.0451476
9400	-0.921959
9450	0.0816394
9500	0.959449
9550	-1.23192
9600	0.355249
9650	0.647855
9700	-1.40298
9750	-0.353511
9800	-3.97218
9850	-1.40637
9900	-1.13367
9950	-1.11539
10000	-0.713905
10050	0.803037
10100	-0.27846
10150	-3.81482
10200	-1.32463
10250	-2.12434
10300	-0.691578
10350	-0.229066
10400	-1.17957
10450	-8.25394
10500	-2.0429
10550	1.70416
10600	-0.714699
10650	-0.184963
10700	0.165589
10750	-0.758614
10800	2.06326
10850	-0.301956
10900	0.314721
10950	1.27233
11000	1.86696
11050	0.224259
11100	1.31928
11150	2.50129
11200	1.6596
11250	2.56136
11300	0.73337
11350	1.35605
11400	1.19885
11450	-0.0509077
11500	2.14266
11550	0.228256
11600	0.812078
11650	-0.724164
11700	-1.63222
11750	0.726543
11800	-2.54878
11850	0.801945
11900	-0.889768
11950	-0.239662
12000	1.99189
12050	0.322612
12100	1.69874
12150	0.855611
12200	-0.107518
12250	-1.12267
12300	1.1372
12350	1.59438
12400	1.27527
12450	-0.0862064
12500	0.347809
12550	2.04708
12600	0.731558
12650	-0.20009
12700	-1.36693
12750	1.00827
12800	0.487925
12850	0.837226
12900	0.451056
12950	2.7253
13000	1.41842
13050	0.680628
13100	0.37329
13150	1.42308
13200	0.229415
13250	1.48632
13300	0.566095
13350	0.454076
13400	-0.434172
13450	1.77919
13500	-0.408936
13550	-0.279086
13600	0.129859
13650	0.287619
13700	-0.386349
13750	0.495955
13800	0.508999
13850	0.632948
13900	-0.0556954
13950	0.757814
14000	0.296742
14050	0.584691
14100	-3.58338
14150	1.61256
14200	1.57911
14250	1.66647
14300	1.78981
14350	2.83301
14400	0.438848
14450	0.937503
14500	0.329086
14550	1.637
14600	-0.0868263
14650	2.27965
14700	0.457097
14750	0.101633
14800	0.950794
14850	0.229459
14900	1.34308
14950	0.548983
15000	1.15545
15050	-0.894883
15100	0.9892
15150	-0.128543
15200	1.97201
15250	0.199652
15300	1.01432
15350	-0.925136
15400	0.684446
15450	0.556618
15500	-0.520714
15550	-0.347175
15600	1.00516
15650	-1.5163
15700	-0.492101
15750	0.00919022
15800	0.0141604
15850	1.34034
15900	1.19125
15950	0.434004
16000	-6.9256
16050	-0.587013
16100	2.51177
16150	1.01197
16200	0.729601
16250	1.54799
16300	0.914445
16350	-0.0201468
16400	1.68979
16450	-0.0100421
16500	3.10201
16550	0.676512
16600	1.51075
16650	1.62177
16700	-1.52793
16750	1.03824
16800	0.217998
16850	0.183976
16900	2.09415
16950	1.17135
17000	-0.756131
17050	-0.80933
17100	-0.160245
17150	0.0847727
17200	-1.04702
17250	2.15561
17300	-1.72657
17350	0.865
17400	0.852617
17450	-0.642257
17500	0.557422
17550	-0.0894692
17600	2.13516
17650	1.85373
17700	1.84793
17750	1.40872
17800	0.226729
17850	1.4567
17900	2.3991
17950	1.66554
18000	1.50871
18050	1.38549
18100	0.437882
18150	0.876438
18200	-0.930463
18250	-1.1885
18300	0.839037
18350	1.67797
18400	0.438334
18450	2.37707
18500	1.68268
18550	1.76781
18600	1.27811
18650	-1.49742
18700	1.01179
18750	-0.659552
18800	0.405769
18850	1.02995
18900	0.953749
18950	1.12334
19000	0.074652
19050	0.889819
19100	0.83026
19150	0.41352
19200	0.0203705
19250	0.454917
19300	-0.166081
19350	0.0168596
19400	-0.182271
19450	0.492163
19500	1.28415
19550	1.25973
19600	-0.757873
19650	1.92402
19700	-1.71206
19750	-0.549981
19800	1.18703
19850	-0.424522
19900	1.19919
19950	-0.306853
20000	-4.42087
20050	0.630389
20100	1.08262
20150	2.04506
20200	-0.627357
20250	0.240929
20300	-1.39484
20350	0.698265
20400	-0.020775
20450	2.23854
20500	-0.469961
20550	1.00005
20600	1.54165
20650	1.67404
20700	0.561196
20750	-1.09043
20800	-0.173316
20850	1.60809
20900	0.825369
20950	-0.865018
21000	-1.41268
21050	0.978653
21100	1.57594
21150	0.924315
21200	0.913328
21250	1.55738
21300	2.55607
21350	-0.563177
21400	1.54874
21450	-0.878603
21500	1.21201
21550	-0.53829
21600	-0.159177
21650	-0.161448
21700	-0.432715
21750	0.653485
21800	2.05674
21850	0.460064
21900	1.68326
21950	0.629877
22000	-0.98058
22050	0.24178
22100	1.16849
22150	1.83643
22200	0.787333
22250	0.311985
22300	-0.906584
22350	-0.79541
22400	2.99198
22450	0.916834
22500	0.479433
22550	-0.546273
22600	-0.107681
22650	0.166025
22700	2.6854
22750	-0.182187
22800	1.21246
22850	1.7194
22900	1.75608
22950	0.40093
23000	1.56702
23050	1.23258
23100	1.82324
23150	1.30833
23200	1.13594
23250	0.541782
23300	0.454733
23350	1.33843
23400	-0.101869
23450	0.26023
23500	0.462495
23550	-0.532092
23600	-0.825849
23650	0.581543
23700	0.154105
23750	0.378987
23800	0.567734
23850	0.585189
23900	2.00938
23950	1.06308
24000	0.271062
24050	0.38366
24100	2.37468
24150	0.794578
24200	1.88636
24250	0.697503
24300	0.175705
24350	0.729248
24400	-0.126037
24450	0.908965
24500	0.271035
24550	1.65979
24600	1.29744
24650	0.902903
24700	0.591805
24750	0.779786
24800	1.79211
24850	0.789815
24900	-0.769101
24950	0.984259
25000	0.924809
25050	1.53214
25100	-0.0122043
25150	-1.00901
25200	1.49989
25250	0.725792
25300	0.570904
25350	0.552441
25400	-0.298046
25450	0.300389
25500	0.954014
25550	1.35684
25600	2.26777
25650	2.2911
25700	1.13228
25750	1.32983
25800	2.09482
25850	2.03312
25900	0.565731
25950	0.428307
26000	1.21096
26050	1.26174
26100	1.56891
26150	2.23132
26200	1.10786
26250	0.739556
26300	0.156581
26350	0.84971
26400	1.0594
26450	1.1505
26500	0.0797176
26550	1.12376
26600	2.20278
26650	-0.465362
26700	2.84921
26750	1.55669
26800	1.09511
26850	-0.594219
26900	-0.0877038
26950	1.797
27000	0.207827
27050	-0.0784393
27100	0.510142
27150	1.97288
27200	0.17927
27250	1.13277
27300	-0.299223
27350	0.764744
27400	0.406552
27450	1.12446
27500	2.29891
27550	0.495703
27600	2.31457
27650	0.72275
27700	1.51342
27750	1.59416
27800	2.0182
27850	0.349345
27900	2.31032
27950	-0.0244238
28000	0.704012
28050	2.10366
28100	0.36754
28150	0.537471
28200	0.0651866
28250	-0.289061
28300	1.40849
28350	0.243937
28400	-0.35273
28450	1.04825
28500	1.82554
28550	0.350674
28600	-0.133075
28650	0.944001
28700	2.39885
28750	0.553501
28800	-1.1794
28850	0.613522
28900	0.294677
28950	0.0359388
29000	0.36325
29050	1.42521
29100	1.17709
29150	1.37554
29200	1.21201
29250	1.96126
29300	2.17645
29350	0.202281
29400	0.794156
29450	2.04628
29500	1.99159
29550	-10.2515
29600	-8.49148
29650	0.361672
29700	-0.635647
29750	0.498052
29800	-3.3126
29850	0.496833
29900	-1.04115
29950	1.23095
30000	-0.66039
30050	-2.68332
30100	-1.82422
30150	1.03588
30200	0.0706551
30250	-1.51604
30300	-2.06294
30350	0.995705
30400	0.832662
30450	1.64784
30500	0.0708639
30550	0.929893
30600	0.421499
30650	-1.59636
30700	-0.256009
30750	1.53264
30800	1.92344
30850	1.40855
30900	1.0048
30950	-0.133017
31000	0.413104
31050	-0.0506332
31100	-0.369259
31150	1.00546
31200	1.36576
31250	-1.40052
31300	0.301882
31350	0.794914
31400	1.16306
31450	-0.0188137
31500	-5.31862
31550	-1.31172
31600	-2.37764
31650	0.322291
31700	0.817328
31750	1.71799
31800	1.16635
31850	2.14722
31900	-0.125709
31950	-0.423156
32000	0.149963
32050	1.58667
32100	1.28904
32150	1.40073
32200	0.875664
32250	-0.206984
32300	0.631878
32350	1.7935
32400	1.02516
32450	0.939282
32500	0.523086
32550	0.381885
32600	1.13155
32650	-0.883919
32700	1.29667
32750	0.715486
32800	1.942
32850	2.20614
32900	-0.182294
32950	1.96118
33000	1.25661
33050	1.29298
33100	0.492728
33150	0.921249
33200	1.37584
33250	0.848104
33300	0.472355
33350	1.37733
33400	1.29342
33450	-0.441248
33500	3.37448
33550	1.87401
33600	0.389233
33650	-0.432227
33700	0.300296
33750	1.4744
33800	2.34044
33850	-3.8752
33900	-1.21809
33950	-0.211827
34000	0.253682
34050	-0.113507
34100	0.349981
34150	0.778608
34200	0.946671
34250	0.861831
34300	1.13394
34350	-0.240139
34400	0.67005
34450	1.72363
34500	0.808282
34550	1.25427
34600	1.10138
34650	0.416025
34700	0.521732
34750	0.084979
34800	0.761552
34850	-0.243131
34900	-0.258808
34950	-0.113575
35000	0.821008
35050	1.50282
35100	0.55782
35150	0.283981
35200	1.78849
35250	-0.592399
35300	-2.0365
35350	0.380574
35400	0.28138
35450	-0.00171582
35500	-2.68305
35550	1.4018
35600	1.43903
35650	0.683068
35700	1.16076
35750	-0.419409
35800	2.37946
35850	0.948052
35900	0.18864
35950	0.164936
36000	0.481914
36050	1.45697
36100	-0.14871
36150	1.9245
36200	1.01072
36250	1.04707
36300	2.05766
36350	0.530796
36400	2.00253
36450	0.243391
36500	-0.400436
36550	0.0337368
36600	2.77866
36650	-0.319586
36700	-0.275168
36750	2.47552
36800	-0.0237255
36850	1.58911
36900	1.19737
36950	1.72273
37000	1.35175
37050	1.11309
37100	1.02188
37150	0.563582
37200	1.40333
37250	-0.427612
37300	2.4445
37350	0.865644
37400	0.201319
37450	-0.18525
37500	-0.291345
37550	2.08748
37600	-0.401318
37650	1.43082
37700	1.65316
37750	1.50698
37800	0.779841
37850	-0.183975
37900	0.876034
37950	0.399093
38000	-0.411377
38050	1.33298
38100	0.728726
38150	1.41886
38200	0.723438
38250	2.42498
38300	0.386426
38350	1.05808
38400	0.243198
38450	0.304032
38500	1.79631
38550	0.795176
38600	2.39228
38650	1.73636
38700	0.628025
38750	1.82989
38800	2.25716
38850	1.21765
38900	1.55232
38950	1.87104
39000	1.76955
39050	0.870198
39100	1.58338
39150	1.63592
39200	1.31371
39250	2.292
39300	0.148168
39350	1.12257
39400	2.07508
39450	1.98879
39500	1.90187
39550	1.39561
39600	0.573308
39650	0.921387
39700	1.02913
39750	-0.0586419
39800	1.09196
39850	2.5164
39900	0.741493
39950	1.28096
40000	1.99085
40050	1.7283
40100	0.896517
40150	0.695997
40200	1.07123
40250	2.96995
40300	0.855469
40350	1.3501
40400	2.09588
40450	1.69099
40500	0.935733
40550	-0.414392
40600	0.904248
40650	2.57153
40700	-0.5492
40750	2.15622
40800	1.95405
40850	0.621638
40900	0.975671
40950	1.70908
41000	0.143191
41050	0.353518
41100	2.02665
41150	-0.933687
41200	0.365562
41250	1.88025
41300	1.21668
41350	1.5557
41400	0.806746
41450	-0.0739592
41500	1.67735
41550	1.1841
41600	1.07
41650	1.08168
41700	-0.381894
41750	0.55062
41800	-0.535542
41850	0.713072
41900	-0.0698307
41950	2.17252
42000	2.04316
42050	1.0376
42100	-7.2873
42150	-0.663699
42200	0.651598
42250	1.49151
42300	1.19958
42350	1.70621
42400	0.600759
42450	1.46765
42500	2.06159
42550	-0.25287
42600	2.26738
42650	-0.108304
42700	0.016518
42750	0.380824
42800	2.04782
42850	1.81679
42900	0.447732
42950	1.62084
43000	1.6194
43050	0.883792
43100	1.36869
43150	3.11601
43200	0.519941
43250	1.2897
43300	2.89424
43350	1.98014
43400	1.11476
43450	0.80912
43500	0.609868
43550	-1.58531
43600	-0.98461
43650	0.0594577
43700	0.419685
43750	1.20953
43800	0.321406
43850	2.72133
43900	1.65866
43950	-1.43632
44000	-0.721421
44050	-0.815941
44100	-0.258256
44150	-0.600497
44200	-0.235221
44250	0.343542
44300	1.51004
44350	-2.79536
44400	-1.74525
44450	-0.945983
44500	1.29773
44550	1.71936
44600	0.757996
44650	1.29065
44700	1.46396
44750	0.660062
44800	-0.412826
44850	0.998539
44900	1.70842
44950	0.961636
45000	-1.45886
45050	-0.181085
45100	2.90167
45150	0.408478
45200	-0.124911
45250	0.552429
45300	0.442624
45350	0.649708
45400	1.98072
45450	1.82283
45500	2.09726
45550	2.56848
45600	1.23136
45650	0.874974
45700	0.884638
45750	1.53999
45800	1.04839
45850	0.863972
45900	1.38854
45950	-0.567186
46000	0.398297
46050	1.87106
46100	0.901744
46150	2.72811
46200	1.65936
46250	2.37745
46300	1.02147
46350	0.00918515
46400	1.49278
46450	2.08576
46500	0.169338
46550	2.22749
46600	0.95019
46650	1.77136
46700	1.23877
46750	0.773028
46800	-0.10936
46850	2.08029
46900	-1.68239
46950	2.00009
47000	1.27093
47050	1.30946
47100	0.555686
47150	0.182377
47200	0.904488
47250	0.459668
47300	-0.519192
47350	0.648379
47400	-0.19913
47450	1.52021
47500	1.19034
47550	2.02632
47600	2.10815
47650	1.85367
47700	2.59107
47750	0.346542
47800	0.902258
47850	1.14213
47900	2.09186
47950	-1.33089
48000	1.22416
48050	1.42083
48100	2.33483
48150	0.432055
48200	1.02431
48250	0.271708
48300	0.235095
48350	-0.668234
48400	1.35343
48450	0.951235
48500	1.25973
48550	2.38236
48600	0.82791
48650	2.40493
48700	0.96058
48750	1.50907
48800	1.22977
48850	0.798387
48900	1.5633
48950	-0.846341
49000	0.983332
49050	0.289991
49100	-0.303897
49150	1.00354
49200	1.63524
49250	1.42163
49300	1.40536
49350	1.81411
49400	2.28819
49450	2.22276
49500	0.482247
49550	0.123054
49600	1.37435
49650	1.15306
49700	0.683019
49750	1.54236
49800	2.08712
49850	1.88557
49900	-0.805195
49950	1.16379
50000	0.220539
50050	2.5997
50100	1.38427
50150	0.653628
50200	0.387722
50250	0.511771
50300	0.307715
50350	-0.941511
50400	1.19229
50450	-3.06695
50500	0.039433
50550	-0.729482
50600	0.34151
50650	-0.498146
50700	1.24149
50750	0.771755
50800	1.56682
50850	0.755237
50900	-1.0896
50950	-0.864303
51000	1.07413
51050	2.67684
51100	2.53427
51150	2.46741
51200	2.07478
51250	0.0197283
51300	1.51654
51350	1.76623
51400	2.24561
51450	-0.210663
51500	1.68324
51550	2.3419
51600	-0.469235
51650	-0.0366664
51700	2.38222
51750	1.83357
51800	1.06525
51850	1.09689
51900	0.461249
51950	2.03328
52000	0.698179
52050	1.27856
52100	1.23576
52150	0.595438
52200	1.02137
52250	0.715297
52300	1.63521
52350	1.03644
52400	0.894535
52450	-0.154343
52500	0.771877
52550	-0.00336163
52600	0.247333
52650	0.383448
52700	1.17482
52750	0.719465
52800	1.02483
52850	0.457006
52900	2.25912
52950	-0.556145
53000	0.756084
53050	0.891134
53100	-0.196171
53150	0.772731
53200	0.775219
53250	0.46126
53300	1.00405
53350	2.34684
53400	-0.0674469
53450	1.93464
53500	1.46437
53550	1.24596
53600	1.38478
53650	0.0754968
53700	1.55688
53750	1.85291
53800	0.825981
53850	0.947087
53900	1.82083
53950	1.85215
54000	0.416862
54050	1.17734
54100	0.310486
54150	1.25236
54200	1.90351
54250	0.8205
54300	0.721608
54350	0.409745
54400	0.674813
54450	0.49991
54500	0.676643
54550	2.0118
54600	2.1706
54650	-1.11624
54700	0.639065
54750	0.227091
54800	0.631042
54850	1.40313
54900	1.82997
54950	1.53577
55000	0.829399
55050	0.984034
55100	1.12069
55150	1.24499
55200	1.36913
55250	-0.633404
55300	0.921893
55350	0.75104
55400	1.27717
55450	0.411346
55500	1.11271
55550	1.28336
55600	2.1144
55650	0.645688
55700	0.213309
55750	1.39152
55800	0.976421
55850	1.51193
55900	1.42192
55950	1.07732
56000	2.0334
56050	1.45658
56100	2.85616
56150	0.257375
56200	2.04066
56250	1.19039
56300	0.983737
56350	0.676423
56400	1.84996
56450	2.38116
56500	0.806984
56550	3.15256
56600	1.78257
56650	0.187328
56700	1.00342
56750	0.668098
56800	-0.427435
56850	1.01442
56900	-1.24301
56950	2.44825
57000	0.158879
57050	0.236727
57100	-1.36586
57150	1.8193
57200	0.722033
57250	0.56851
57300	-0.0158967
57350	1.11852
57400	-0.155723
57450	0.371412
57500	0.244922
57550	-1.03177
57600	1.46372
57650	0.380047
57700	2.5897
57750	2.14764
57800	0.85892
57850	2.3975
57900	2.01215
57950	0.128062
58000	-0.963885
58050	1.75313
58100	1.90317
58150	0.876963
58200	0.215412
58250	0.107252
58300	0.560532
58350	0.448854
58400	0.235804
58450	0.328374
58500	1.47547
58550	-0.0387746
58600	-0.246539
58650	1.34151
58700	0.926908
58750	0.379303
58800	1.92007
58850	2.79627
58900	0.781444
58950	0.233917
59000	1.06859
59050	1.99454
59100	1.11575
59150	1.67213
59200	-1.14506
59250	2.05691
59300	1.26417
59350	2.00137
59400	1.54603
59450	1.53703
59500	0.499884
59550	0.684114
59600	-0.442254
59650	0.966226
59700	-0.554741
59750	1.97252
59800	1.33225
59850	0.691968
59900	1.18883
59950	2.43636
60000	1.92949
60050	2.96994
60100	0.541536
60150	0.649148
60200	-0.793946
60250	0.53779
60300	0.774159
60350	0.692485
60400	1.39524
60450	-0.30491
60500	2.59103
60550	-0.321166
60600	0.101592
60650	1.77321
60700	-0.93456
60750	0.837486
60800	0.831534
60850	1.80958
60900	0.56214
60950	2.02955
61000	0.815777
61050	1.20921
61100	2.09706
61150	-1.01315
61200	0.725062
61250	0.385512
61300	0.904377
61350	0.296909
61400	0.94816
61450	0.374009
61500	2.19616
61550	1.19871
61600	2.07494
61650	-0.155249
61700	0.311878
61750	1.56954
61800	1.56424
61850	-0.111544
61900	2.73843
61950	2.86639
62000	1.32662
62050	0.284288
62100	-0.449142
62150	0.0232721
62200	2.43636
62250	0.0169631
62300	0.0833141
62350	0.721887
62400	2.70151
62450	-0.439209
62500	1.7809
62550	0.33997
62600	2.52667
62650	1.16228
62700	0.995461
62750	0.657816
62800	2.10107
62850	0.905436
62900	2.14717
62950	0.862295
63000	1.10972
63050	-1.38567
63100	1.1256
63150	1.87252
63200	2.54945
63250	1.23073
63300	0.971292
63350	-0.239522
63400	0.0537188
63450	2.25969
63500	0.0357976
63550	1.11987
63600	1.79097
63650	-1.06158
63700	1.7088
63750	1.51882
63800	2.6395
63850	1.39591
63900	0.368031
63950	1.0472
64000	0.539919
64050	1.14829
64100	-0.582967
64150	-0.708043
64200	1.16168
64250	1.37996
64300	1.5927
64350	1.03703
64400	1.66061
64450	2.68045
64500	0.189376
64550	0.700325
64600	0.477889
64650	-1.12489
64700	1.05132
64750	0.251345
64800	2.67458
64850	0.327395
64900	-0.213637
64950	0.469511
65000	2.39843
65050	0.370419
65100	1.42512
65150	0.329905
65200	1.44001
65250	0.534359
65300	0.625519
65350	1.66332
65400	1.32084
65450	-0.483598
65500	1.61682
65550	-0.164599
65600	0.0993535
65650	1.33244
65700	0.982332
65750	1.51661
65800	0.912477
65850	0.494311
65900	2.23866
65950	1.06998
66000	1.45599
66050	1.25999
66100	1.90101
66150	1.30001
66200	2.56195
66250	2.72998
66300	1.27979
66350	1.47004
66400	0.963378
66450	1.4478
66500	2.31887
66550	0.786566
66600	-0.870652
66650	1.65732
66700	1.62791
66750	0.982712
66800	0.105263
66850	2.15871
66900	0.0790923
66950	1.22376
67000	1.88876
67050	0.755675
67100	2.00865
67150	0.605512
67200	2.06706
67250	-1.42902
67300	0.931357
67350	1.2799
67400	0.823427
67450	1.26277
67500	2.94432
67550	2.18485
67600	0.801357
67650	1.03631
67700	1.34169
67750	1.57352
67800	1.29701
67850	-0.518237
67900	1.13245
67950	1.89768
68000	0.345252
68050	1.53072
68100	2.93201
68150	-0.0694768
68200	0.898704
68250	0.336528
68300	1.69486
68350	2.3168
68400	1.93707
68450	1.04146
68500	2.80009
68550	-0.604154
68600	0.956809
68650	0.512583
68700	1.12734
68750	0.784453
68800	0.442441
68850	-0.798633
68900	1.75995
68950	0.111586
69000	0.176938
69050	-0.819489
69100	0.538278
69150	1.39322
69200	1.11007
69250	1.00628
69300	2.3469
69350	1.86988
69400	0.676951
69450	0.964509
69500	1.61492
69550	0.396655
69600	0.828902
69650	2.25217
69700	1.42417
69750	1.63102
69800	-0.0969846
69850	1.72116
69900	0.525614
69950	2.33289
70000	0.345787
70050	0.0921144
70100	1.78049
70150	0.931015
70200	2.02405
70250	1.88124
70300	2.15133
70350	1.49851
70400	1.3629
70450	2.67838
70500	2.0595
70550	-0.432498
70600	0.654311
70650	2.10657
70700	1.20585
70750	0.261972
70800	2.76103
70850	1.73368
70900	2.78077
70950	0.304827
71000	0.792594
71050	0.398994
71100	0.700785
71150	1.86923
71200	3.6115
71250	0.710233
71300	0.585929
71350	1.44988
71400	1.40996
71450	-0.707313
71500	3.01255
71550	1.29126
71600	-1.14704
71650	1.69121
71700	1.36394
71750	1.32847
71800	2.26783
71850	2.16925
71900	0.554465
71950	2.3649
72000	1.23272
72050	1.09828
72100	1.82893
72150	1.52144
72200	0.446239
72250	-0.775352
72300	1.5989
72350	1.39914
72400	2.88237
72450	-0.108059
72500	1.33829
72550	0.590186
72600	2.02958
72650	0.53327
72700	0.968099
72750	1.08102
72800	0.275483
72850	0.740709
72900	1.48969
72950	0.554855
73000	3.08284
73050	1.30944
73100	0.457621
73150	1.05824
73200	1.32792
73250	1.06039
73300	2.11774
73350	1.22868
73400	0.939557
73450	0.618066
73500	0.33019
73550	0.863803
73600	0.793023
73650	-0.877129
73700	1.50769
73750	0.677386
73800	1.87755
73850	1.4658
73900	1.51905
73950	1.71366
74000	1.22585
74050	1.70192
74100	1.04614
74150	0.655411
74200	2.23144
74250	2.12095
74300	2.31832
74350	0.113923
74400	2.22519
74450	1.257
74500	-0.645518
74550	1.02384
74600	0.549293
74650	0.420834
74700	1.15103
74750	-0.122438
74800	-0.395595
74850	1.32198
74900	2.84349
74950	0.702199
75000	0.399364
75050	0.74953
75100	1.21654
75150	2.46272
75200	-0.0912124
75250	1.72049
75300	0.115132
75350	0.567586
75400	2.11561
75450	2.15789
75500	0.21196
75550	1.21825
75600	0.114317
75650	1.37869
75700	1.17168
75750	0.191495
75800	-0.0951715
75850	0.842905
75900	2.1028
75950	-0.266966
76000	0.864686
76050	1.82564
76100	2.53046
76150	1.41233
76200	0.98284
76250	2.07483
76300	0.723754
76350	1.38082
76400	2.03802
76450	0.696478
76500	2.14714
76550	1.25248
76600	1.3425
76650	-0.557471
76700	1.08732
76750	1.22601
76800	1.7174
76850	1.44778
76900	0.137404
76950	0.735654
77000	1.0268
77050	2.20059
77100	1.16
77150	4.04976
77200	0.901059
77250	2.35551
77300	1.98213
77350	1.64412
77400	0.765985
77450	2.46213
77500	1.74341
77550	0.756796
77600	1.956
77650	1.99866
77700	1.50926
77750	0.910268
77800	1.32139
77850	1.22741
77900	2.52252
77950	0.697556
78000	1.34467
78050	2.27791
78100	0.981149
78150	1.97286
78200	3.47319
78250	1.61194
78300	0.238707
78350	1.71194
78400	0.175612
78450	0.386081
78500	0.804633
78550	0.208064
78600	2.00035
78650	1.42209
78700	2.3267
78750	0.994857
78800	3.35978
78850	1.88939
78900	1.53615
78950	0.476004
79000	1.45155
79050	1.18644
79100	0.929422
79150	1.37841
79200	-0.936168
79250	1.58448
79300	0.834959
79350	1.92071
79400	0.998137
79450	-1.21382
79500	2.06846
79550	1.02643
79600	1.35327
79650	1.97213
79700	1.19396
79750	2.07468
79800	0.628287
79850	2.35732
79900	0.609596
79950	0.263645
80000	2.01491
80050	0.242888
80100	1.99451
80150	3.01919
80200	1.17232
80250	1.85086
80300	0.075353
80350	2.13632
80400	1.8709
80450	0.278164
80500	1.85548
80550	-1.14967
80600	1.21232
80650	1.99026
80700	0.476439
80750	-0.0505865
80800	-0.706532
80850	0.632666
80900	3.03112
80950	1.18897
81000	0.699707
81050	1.07299
81100	1.14037
81150	1.63479
81200	0.060334
81250	1.95005
81300	2.87623
81350	0.185621
81400	1.56955
81450	0.0527644
81500	0.509755
81550	2.01636
81600	1.68539
81650	1.78307
81700	1.54807
81750	0.587222
81800	1.91022
81850	1.29538
81900	0.805404
81950	-0.253538
82000	1.76687
82050	1.16134
82100	2.13172
82150	2.44382
82200	-0.245312
82250	-1.19842
82300	1.64335
82350	2.56382
82400	1.71913
82450	1.52834
82500	1.78229
82550	0.398848
82600	-1.31403
82650	1.46892
82700	0.294668
82750	0.449484
82800	2.93228
82850	2.1097
82900	0.545538
82950	0.0562883
83000	1.07538
83050	1.37732
83100	1.48813
83150	0.817251
83200	0.8272
83250	0.94686
83300	0.607107
83350	0.615048
83400	0.868151
83450	2.7062
83500	1.05192
83550	0.215608
83600	1.5845
83650	-1.37822
83700	1.49159
83750	1.15767
83800	2.32492
83850	1.41873
83900	0.848741
83950	-0.702734
84000	1.15883
84050	0.744338
84100	3.96889
84150	0.967504
84200	0.667325
84250	0.302266
84300	1.58347
84350	1.76447
84400	2.40925
84450	0.918485
84500	-0.28527
84550	-0.414379
84600	2.46517
84650	0.225094
84700	1.51392
84750	1.23259
84800	1.30667
84850	-0.162879
84900	2.1091
84950	-1.122
85000	1.66018
85050	1.22698
85100	0.780906
85150	2.09647
85200	-0.428491
85250	1.65127
85300	2.35969
85350	1.30381
85400	-0.794112
85450	2.38069
85500	0.549064
85550	0.922855
85600	0.971307
85650	1.0367
85700	2.96116
85750	0.536295
85800	-0.631389
85850	2.08
85900	0.724252
85950	2.28869
86000	1.2653
86050	1.31877
86100	0.298381
86150	1.38017
86200	0.907845
86250	1.07421
86300	0.938415
86350	0.684865
86400	0.813447
86450	1.05263
86500	1.00045
86550	1.96774
86600	1.78669
86650	0.529173
86700	1.89785
86750	0.608979
86800	-0.754813
86850	1.1364
86900	1.12064
86950	-0.810219
87000	1.02948
87050	1.52434
87100	0.540685
87150	2.40962
87200	1.46938
87250	1.15791
87300	1.7426
87350	0.698818
87400	1.34892
87450	2.04521
87500	1.15612
87550	1.51235
87600	0.915078
87650	2.31765
87700	0.456562
87750	0.133054
87800	0.45791
87850	1.06379
87900	2.75128
87950	1.11626
88000	0.758148
88050	1.0623
88100	1.29419
88150	0.60828
88200	1.85994
88250	1.44026
88300	1.72013
88350	-0.916728
88400	0.582657
88450	1.77256
88500	-0.045482
88550	1.3496
88600	-0.943693
88650	1.27239
88700	1.43835
88750	2.14955
88800	1.11538
88850	1.87132
88900	0.103243
88950	0.100535
89000	1.92888
89050	-0.17399
89100	1.66485
89150	1.48695
89200	0.0501751
89250	1.99819
89300	1.57078
89350	1.24982
89400	0.536227
89450	0.521955
89500	1.00804
89550	0.578779
89600	1.20655
89650	-0.051281
89700	1.71553
89750	2.44202
89800	1.5101
89850	1.47727
89900	0.564882
89950	2.7491
90000	0.925675
90050	1.54812
90100	2.55229
90150	3.30398
90200	2.4217
90250	0.583885
90300	1.48811
90350	1.16355
90400	0.0465022
90450	-0.138413
90500	-0.465061
90550	-0.388228
90600	1.01051
90650	0.196161
90700	1.72303
90750	1.55315
90800	1.67609
90850	0.612529
90900	2.71304
90950	-0.293692
91000	1.1855
91050	1.47899
91100	0.257922
91150	0.878598
91200	1.46155
91250	1.58976
91300	2.71768
91350	2.16976
91400	1.95429
91450	1.85218
91500	1.76684
91550	0.61155
91600	0.165977
91650	1.21071
91700	0.198731
91750	1.43686
91800	0.686553
91850	2.12688
91900	1.64232
91950	0.414088
92000	0.0991095
92050	1.27837
92100	1.27588
92150	0.420908
92200	1.34596
92250	1.29114
92300	1.19972
92350	1.19323
92400	1.93601
92450	0.562359
92500	1.37758
92550	1.94662
92600	0.307993
92650	-0.0598262
92700	1.17054
92750	2.65753
92800	1.34121
92850	1.59194
92900	0.904966
92950	1.13712
93000	1.16262
93050	0.449619
93100	0.718825
93150	2.15665
93200	1.09393
93250	2.50073
93300	0.714914
93350	0.543328
93400	2.54038
93450	0.809742
93500	0.854844
93550	0.977831
93600	-0.649268
93650	2.277
93700	1.39081
93750	0.926724
93800	1.21636
93850	0.581608
93900	0.0967688
93950	-0.235846
94000	1.5767
94050	3.45285
94100	0.790341
94150	2.41729
94200	2.77044
94250	0.420145
94300	1.81856
94350	2.75182
94400	2.07011
94450	2.06839
94500	2.8378
94550	-0.0377717
94600	2.30882
94650	0.638949
94700	3.1612
94750	1.40927
94800	0.92744
94850	1.56717
94900	0.687428
94950	1.66434
95000	2.69468
95050	-0.26001
95100	1.34983
95150	0.353418
95200	1.82574
95250	0.623562
95300	0.016029
95350	1.12721
95400	1.2897
95450	0.939709
95500	1.60697
95550	0.19178
95600	1.84409
95650	2.09359
95700	1.27917
95750	-0.153078
95800	1.59477
95850	2.2747
95900	0.884115
95950	1.89554
96000	2.17243
96050	0.869171
96100	0.0259228
96150	1.72924
96200	0.113446
96250	3.24684
96300	1.58233
96350	2.02855
96400	-0.853371
96450	0.84116
96500	1.67529
96550	0.340545
96600	2.19642
96650	0.624003
96700	0.935761
96750	0.465237
96800	-0.0865578
96850	0.447625
96900	0.846852
96950	0.272309
97000	0.425288
97050	0.647962
97100	1.8801
97150	3.20587
97200	-1.19438
97250	1.61858
97300	0.106356
97350	2.80971
97400	1.4712
97450	0.88925
97500	0.478934
97550	1.72032
97600	3.08552
97650	0.52198
97700	0.660935
97750	1.77116
97800	0.894707
97850	2.7279
97900	1.72962
97950	0.178836
98000	2.11144
98050	2.03776
98100	-0.892917
98150	-0.343464
98200	0.626195
98250	1.13499
98300	1.00188
98350	0.0676619
98400	2.64799
98450	0.150337
98500	2.04673
98550	-0.272897
98600	1.07536
98650	-0.368141
98700	1.76214
98750	-0.0645424
98800	1.63854
98850	2.05066
98900	1.03509
98950	0.452368
99000	2.09812
99050	3.46459
99100	0.226028
99150	1.80659
99200	1.04014
99250	0.416991
99300	1.14464
99350	-0.713797
99400	1.94759
99450	0.879585
99500	-0.27921
99550	0.882623
99600	2.18319
99650	2.16924
99700	2.16927
99750	1.064
99800	1.74708
99850	2.35055
99900	1.47145
99950	0.224857
100000	-0.800957
100050	1.19412
100100	2.40957
100150	0.786049
100200	-0.554857
100250	0.64313
100300	1.17098
100350	1.33539
100400	1.7646
100450	1.85176
100500	3.4273
100550	0.324318
100600	1.24624
100650	2.09254
100700	-0.94407
100750	1.02359
100800	1.36728
100850	2.2094
100900	1.50062
100950	0.617237
101000	0.194019
101050	2.23502
101100	1.63361
101150	1.7667
101200	1.54015
101250	0.965008
101300	0.755942
101350	0.0375516
101400	0.665985
101450	0.970188
101500	-0.253214
101550	0.158938
101600	1.6581
101650	-0.647084
101700	2.10479
101750	0.0123652
101800	0.143208
101850	1.33761
101900	0.431601
101950	1.88084
102000	-0.0597615
102050	1.80755
102100	1.62852
102150	1.1961
102200	3.34936
102250	1.19301
102300	0.169304
102350	1.45708
102400	0.704279
102450	-0.550789
102500	1.1222
102550	0.914713
102600	1.49944
102650	1.11657
102700	1.76842
102750	0.979151
102800	0.672138
102850	3.18587
102900	0.868619
102950	1.86919
103000	0.0396421
103050	-0.0892047
103100	1.53866
103150	0.727393
103200	0.994142
103250	1.27992
103300	-0.0443077
103350	1.1064
103400	-0.291505
103450	1.08513
103500	-0.0812366
103550	0.607359
103600	-0.585558
103650	0.231211
103700	1.95687
103750	0.748996
103800	0.35479
103850	0.897324
103900	0.642972
103950	1.20185
104000	1.54012
104050	0.385284
104100	0.158733
104150	1.30712
104200	-0.344086
104250	0.956918
104300	1.07445
104350	2.67703
104400	1.51418
104450	1.86284
104500	1.01143
104550	1.62724
104600	-0.196603
104650	-1.0338
104700	1.20201
104750	2.34524
104800	0.52159
104850	0.6327
104900	0.853291
104950	-0.409541
105000	0.90635
105050	1.21968
105100	0.763647
105150	1.15118
105200	1.61885
105250	2.59302
105300	1.01762
105350	2.32686
105400	2.22572
105450	1.10231
105500	1.12683
105550	1.08688
105600	-0.083331
105650	1.07521
105700	1.24673
105750	2.58913
105800	1.75549
105850	0.355127
105900	1.77871
105950	0.358941
106000	-0.551295
106050	0.0490363
106100	0.0399832
106150	0.911302
106200	0.785396
106250	1.09417
106300	1.08314
106350	1.7617
106400	-0.0931155
106450	1.66222
106500	1.72595
106550	1.47021
106600	1.69915
106650	2.72777
106700	-0.379654
106750	1.17144
106800	0.257646
106850	0.866558
106900	1.32563
106950	1.415
107000	3.4724
107050	1.81108
107100	0.409381
107150	-0.408706
107200	-0.272936
107250	0.456413
107300	-0.79626
107350	1.14691
107400	0.211662
107450	2.29401
107500	1.66777
107550	1.53983
107600	1.21959
107650	0.938944
107700	0.959801
107750	0.95415
107800	-0.894315
107850	1.62381
107900	1.30816
107950	3.32682
108000	-0.536049
108050	0.920994
108100	1.72821
108150	1.60885
108200	1.04336
108250	0.654532
108300	0.746144
108350	1.12665
108400	0.287075
108450	0.918436
108500	-0.15033
108550	1.57416
108600	1.46909
108650	-2.67286
108700	0.516911
108750	0.951234
108800	1.02881
108850	-0.558971
108900	1.83773
108950	1.34541
109000	2.25353
109050	0.426419
109100	0.245753
109150	0.67048
109200	1.263
109250	1.07827
109300	1.96643
109350	0.871847
109400	0.287068
109450	1.93645
109500	1.45117
109550	-0.608774
109600	1.77097
109650	1.59847
109700	1.19407
109750	-1.22158
109800	0.505565
109850	1.65693
109900	1.80775
109950	1.10011
110000	1.77706
110050	0.235453
110100	1.32441
110150	1.19961
110200	2.59589
110250	0.760045
110300	0.365167
110350	1.30184
110400	2.43823
110450	0.328645
110500	0.257655
110550	2.19786
110600	2.32167
110650	0.782392
110700	1.17181
110750	0.687186
110800	0.999706
110850	-0.350771
110900	0.0784796
110950	1.20756
111000	2.43388
111050	1.26951
111100	1.10108
111150	1.46515
111200	1.2613
111250	0.551607
111300	1.41981
111350	1.42554
111400	-2.44428
111450	2.74091
111500	0.334438
111550	2.05445
111600	1.04779
111650	1.90122
111700	-0.848653
111750	2.17166
111800	1.27481
111850	2.04616
111900	1.20131
111950	1.50584
112000	1.26369
112050	2.0576
112100	0.0299322
112150	-1.48363
112200	0.847961
112250	1.74564
112300	0.429689
112350	0.0350901
112400	1.10954
112450	0.316765
112500	0.329645
112550	0.948932
112600	0.708066
112650	1.60333
112700	-0.0148544
112750	1.43287
112800	0.0729576
112850	2.32049
112900	0.104603
112950	1.58322
113000	1.37413
113050	1.07986
113100	0.111392
113150	1.29054
113200	1.6542
113250	2.9442
113300	2.23303
113350	2.30077
113400	1.37516
113450	1.17717
113500	1.37204
113550	0.936949
113600	1.74208
113650	-0.778137
113700	0.155986
113750	0.635052
113800	1.36096
113850	1.45166
113900	1.35147
113950	2.05721
114000	0.899385
114050	2.6248
114100	0.28266
114150	2.15053
114200	2.11102
114250	1.4613
114300	-1.29933
114350	1.24715
114400	1.71075
114450	1.15142
114500	0.318564
114550	2.58713
114600	0.828116
114650	2.69998
114700	-0.401907
114750	0.470732
114800	3.15166
114850	0.839565
114900	0.572691
114950	1.95081
115000	1.4076
115050	1.55696
115100	0.845868
115150	3.58663
115200	0.93564
115250	0.0610553
115300	0.970872
115350	-0.140707
115400	-0.0992139
115450	1.0036
115500	-0.930939
115550	0.273517
115600	1.12947
115650	1.44359
115700	2.07959
115750	1.98171
115800	2.89849
115850	0.778386
115900	0.881872
115950	2.85026
116000	2.18668
116050	0.428561
116100	2.30984
116150	0.864106
116200	2.13368
116250	2.34645
116300	0.726125
116350	1.16487
116400	2.02263
116450	-0.149736
116500	0.53357
116550	1.5831
116600	3.3995
116650	0.71695
116700	2.43709
116750	1.62176
116800	2.20415
116850	0.713089
116900	0.590213
116950	1.53254
117000	0.453915
117050	2.79078
117100	0.15788
117150	1.30982
117200	1.47927
117250	1.39697
117300	0.801596
117350	-0.80657
117400	1.77244
117450	0.995723
117500	0.12861
117550	1.07748
117600	0.566117
117650	0.952646
117700	1.57005
117750	0.160243
117800	2.70148
117850	1.40729
117900	0.861708
117950	0.0372405
118000	2.09526
118050	-0.342345
118100	-0.152099
118150	1.06286
118200	-0.487206
118250	1.66288
118300	1.5273
118350	2.12816
118400	0.126626
118450	2.72879
118500	1.47214
118550	2.55985
118600	0.499786
118650	1.37562
118700	2.49283
118750	-0.311451
118800	0.925187
118850	0.0293192
118900	1.55966
118950	0.0168862
119000	0.0851489
119050	1.24913
119100	0.364047
119150	1.07405
119200	-0.485177
119250	1.18107
119300	1.08739
119350	-0.444082
119400	2.07423
119450	0.956808
119500	0.980857
119550	0.761674
119600	1.09919
119650	2.34179
119700	0.666578
119750	0.735044
119800	2.23106
119850	0.261968
119900	-0.163607
119950	1.39451
120000	0.543482
120050	0.482063
120100	1.72937
120150	1.27499
120200	0.196511
120250	1.9006
120300	1.84726
120350	2.33531
120400	0.798502
120450	0.6409
120500	1.50461
120550	-1.36828
120600	1.57107
120650	3.19309
120700	1.96635
120750	0.342639
120800	1.06706
120850	2.01166
120900	1.08881
120950	-0.166365
121000	1.52964
121050	1.06443
121100	0.323179
121150	2.10131
121200	0.394485
121250	1.29742
121300	0.58416
121350	1.09835
121400	0.744042
121450	-0.165312
121500	0.0470898
121550	0.976495
121600	1.29711
121650	-0.611216
121700	-1.01208
121750	1.40942
121800	0.463646
121850	2.27487
121900	1.32128
121950	-1.34884
122000	1.91711
122050	1.48065
122100	3.32654
122150	1.26521
122200	-0.20585
122250	0.505863
122300	-0.55297
122350	1.3701
122400	0.802807
122450	-1.04771
122500	3.34673
122550	1.74813
122600	0.520114
122650	1.23889
122700	-0.133708
122750	1.26177
122800	0.821579
122850	2.42714
122900	0.636205
122950	0.94827
123000	2.67825
123050	0.233018
123100	1.27902
123150	2.14876
123200	2.3609
123250	1.22352
123300	1.10268
123350	-0.93622
123400	-0.265364
123450	1.68237
123500	-1.69142
123550	2.47526
123600	2.13646
123650	1.35625
123700	0.237653
123750	0.726103
123800	3.42906
123850	2.48626
123900	1.81712
123950	3.01391
124000	0.63784
124050	0.794561
124100	0.0644252
124150	1.53803
124200	-1.24274
124250	1.80577
124300	1.57184
124350	0.261177
124400	-0.671492
124450	0.957314
124500	1.38385
124550	1.8112
124600	-0.0226619
124650	-0.0849116
124700	1.09043
124750	3.34347
124800	0.468449
124850	2.44104
124900	0.611117
124950	2.11331
125000	1.40862
125050	3.00681
125100	-0.122289
125150	2.31423
125200	-0.979025
125250	0.540805
125300	0.138892
125350	0.897393
125400	1.14201
125450	0.461255
125500	0.374663
125550	1.06992
125600	1.83727
125650	0.746692
125700	-1.42756
125750	0.483036
125800	1.34207
125850	0.121472
125900	1.392
125950	-0.734069
126000	0.821248
126050	2.68162
126100	1.61489
126150	1.90833
126200	1.75137
126250	2.65554
126300	-0.253456
126350	1.34834
126400	0.84057
126450	2.02204
126500	1.3481
126550	1.08358
126600	3.06513
126650	0.582979
126700	1.92098
126750	0.572065
126800	2.36193
126850	0.706232
126900	-0.718849
126950	1.75317
127000	1.67925
127050	0.881114
127100	-1.26256
127150	0.558434
127200	0.867336
127250	1.36139
127300	1.86336
127350	1.95944
127400	-0.473547
127450	1.46679
127500	1.29675
127550	1.82446
127600	1.2199
127650	1.59944
127700	-1.11609
127750	1.52514
127800	1.04159
127850	0.734737
127900	1.87859
127950	0.0359919
128000	2.47907
128050	2.86096
128100	1.91037
128150	0.00157772
128200	-0.271413
128250	0.729
128300	-0.352441
128350	0.873974
128400	2.11835
128450	1.62677
128500	0.220953
128550	2.93145
128600	1.74372
128650	2.7217
128700	-0.3829
128750	0.220899
128800	1.53209
128850	0.366686
128900	2.19187
128950	-0.324018
129000	-0.730342
129050	3.03574
129100	0.315504
129150	1.35237
129200	0.410198
129250	-0.188051
129300	0.455987
129350	0.762667
129400	2.02139
129450	1.83502
129500	0.293834
129550	0.435413
129600	0.699587
129650	-2.24551
129700	-0.0989709
129750	1.0322
129800	0.45851
129850	2.75457
129900	0.809841
129950	1.07297
130000	-0.0469208
130050	1.7444
130100	0.87974
130150	2.54989
130200	3.16284
130250	0.432447
130300	1.38157
130350	1.72483
130400	-1.19684
130450	1.00172
130500	1.43443
130550	2.07252
130600	0.675293
130650	0.677256
130700	1.20109
130750	-0.0449634
130800	1.14377
130850	0.90715
130900	0.856608
130950	2.206
131000	1.90182
131050	1.21069
131100	1.29878
131150	1.45343
131200	1.82222
131250	-0.351596
131300	1.32493
131350	-0.456867
131400	0.344922
131450	0.858138
131500	2.46718
131550	0.0562646
131600	0.695616
131650	1.70418
131700	1.50007
131750	0.319394
131800	-0.433829
131850	0.331261
131900	1.29136
131950	0.411758
132000	0.986582
132050	2.9024
132100	0.0845915
132150	0.716186
132200	1.27895
132250	0.76575
132300	0.801136
132350	-0.0708791
132400	1.81638
132450	1.5187
132500	0.51536
132550	-1.59714
132600	0.482938
132650	1.58985
132700	1.73276
132750	1.43192
132800	0.849538
132850	0.523328
132900	0.114445
132950	0.0189384
133000	2.03695
133050	1.874
133100	1.67487
133150	1.16749
133200	1.20162
133250	-0.394557
133300	0.710264
133350	1.65402
133400	1.4364
133450	0.65571
133500	1.3673
133550	2.7598
133600	1.53427
133650	0.882121
133700	2.18173
133750	0.249351
133800	1.73154
133850	2.15667
133900	0.535692
133950	2.39012
134000	0.684496
134050	-0.344326
134100	2.53972
134150	0.50036
134200	0.563208
134250	0.0481593
134300	-0.484448
134350	1.90871
134400	0.0770619
134450	0.650735
134500	1.88658
134550	1.05414
134600	1.55773
134650	-0.200306
134700	-0.850629
134750	1.14081
134800	-0.5956
134850	2.25374
134900	1.26665
134950	0.614163
135000	0.874622
135050	-0.140459
135100	1.51875
135150	-1.07264
135200	1.48335
135250	0.779279
135300	0.99412
135350	0.732155
135400	-0.231
135450	0.415402
135500	1.35556
135550	0.240215
135600	2.65714
135650	0.951307
135700	-0.936497
135750	1.29973
135800	0.890322
135850	0.763087
135900	1.69364
135950	1.19919
136000	1.78299
136050	0.687559
136100	1.25804
136150	0.368089
136200	-0.240673
136250	1.11696
136300	2.27989
136350	1.67311
136400	0.22724
136450	-1.69274
136500	0.550882
136550	0.157352
136600	1.32787
136650	1.9329
136700	2.10179
136750	-0.354894
136800	1.34575
136850	0.200532
136900	2.02568
136950	-0.550791
137000	1.71138
137050	0.852692
137100	2.27365
137150	0.721269
137200	1.88706
137250	0.697855
137300	-0.351259
137350	3.15456
137400	0.298774
137450	2.3511
137500	1.79501
137550	0.714695
137600	0.852069
137650	0.369417
137700	2.76863
137750	0.804376
137800	1.27698
137850	1.32487
137900	2.03182
137950	0.281872
138000	0.562154
138050	-0.207634
138100	1.30011
138150	1.56814
138200	1.64342
138250	0.353964
138300	1.78468
138350	1.67942
138400	1.07859
138450	-1.50958
138500	-0.570987
138550	0.726759
138600	1.50725
138650	1.01755
138700	1.08563
138750	2.22765
138800	0.412205
138850	2.06312
138900	1.69603
138950	0.135057
139000	2.91634
139050	-0.117164
139100	-0.429879
139150	0.86529
139200	2.26402
139250	2.04703
139300	0.728639
139350	2.14958
139400	2.05165
139450	0.947047
139500	1.63057
139550	-1.08886
139600	0.904543
139650	-0.344998
139700	1.54943
139750	0.373906
139800	2.7788
139850	1.96242
139900	0.553778
139950	2.58327
140000	1.19933
140050	2.78233
140100	-0.0270077
140150	-0.128491
140200	0.843998
140250	0.693554
140300	1.25158
140350	-0.00315835
140400	-0.591394
140450	-2.22196
140500	1.06405
140550	-0.0508955
140600	1.95722
140650	-0.516545
140700	0.832218
140750	0.069962
140800	1.84689
140850	0.227925
140900	2.08522
140950	0.0841661
141000	1.34646
141050	-1.07303
141100	0.799485
141150	0.327856
141200	1.57716
141250	1.22987
141300	-0.0460231
141350	1.18198
141400	0.487703
141450	-0.0115626
141500	1.5736
141550	-0.172502
141600	3.01333
141650	-1.78365
141700	-1.43346
141750	-0.648882
141800	0.248048
141850	2.09663
141900	2.37443
141950	0.519499
142000	-0.520246
142050	-0.582395
142100	-0.0628482
142150	1.63123
142200	1.31668
142250	2.26785
142300	2.36889
142350	0.636028
142400	1.02987
142450	1.23837
142500	0.712016
142550	1.8586
142600	-1.46959
142650	0.159073
142700	-0.233375
142750	0.328742
142800	-0.456018
142850	1.68699
142900	2.71701
142950	1.65446
143000	0.4173
143050	0.746516
143100	0.299714
143150	2.35253
143200	-0.119771
143250	2.15699
143300	1.07269
143350	2.04241
143400	-0.23593
143450	1.04543
143500	1.07159
143550	2.3137
143600	0.615611
143650	1.06792
143700	1.26746
143750	1.06856
143800	0.511606
143850	0.798165
143900	-0.317335
143950	0.798863
144000	-0.317277
144050	1.25736
144100	0.325581
144150	-0.0777981
144200	1.06437
144250	1.25033
144300	0.318736
144350	1.84081
144400	-0.423905
144450	1.17653
144500	1.64874
144550	0.188115
144600	1.43973
144650	-0.821994
144700	-0.338878
144750	0.700969
144800	1.73155
144850	0.604252
144900	1.08804
144950	0.932506
145000	2.63304
145050	1.38155
145100	-1.00587
145150	1.3679
145200	0.859188
145250	-1.05584
145300	0.37262
145350	1.08149
145400	0.863033
145450	0.245658
145500	2.12483
145550	1.20409
145600	1.76557
145650	-1.62582
145700	1.31086
145750	-0.654952
145800	0.639702
145850	2.63754
145900	1.92859
145950	1.44012
146000	1.29325
146050	-0.730221
146100	1.91839
146150	0.0835665
146200	0.252277
146250	2.18022
146300	1.8692
146350	-0.0478742
146400	0.278171
146450	1.10015
146500	-1.2643
146550	0.462744
146600	1.38455
146650	2.25456
146700	0.251548
146750	1.58516
146800	2.02255
146850	0.736883
146900	1.54168
146950	-0.21229
147000	2.35028
147050	-0.813727
147100	1.63135
147150	0.968824
147200	1.61667
147250	1.65635
147300	0.588818
147350	1.3809
147400	1.64783
147450	2.64123
147500	1.6294
147550	1.16563
147600	2.69126
147650	1.60244
147700	1.99176
147750	1.38706
147800	1.08523
147850	2.60887
147900	1.5349
147950	0.750598
148000	0.780111
148050	0.979053
148100	0.868572
148150	1.44478
148200	2.03067
148250	1.43988
148300	1.28913
148350	1.80977
148400	-0.07183
148450	1.19632
148500	1.69015
148550	-0.363733
148600	0.858725
148650	-0.433303
148700	1.71566
148750	-0.344406
148800	0.471646
148850	1.70191
148900	0.821687
148950	-1.50106
149000	0.428869
149050	1.40912
149100	-0.643603
149150	1.54442
149200	2.46921
149250	0.512174
149300	0.865862
149350	1.9047
149400	1.48633
149450	1.95895
149500	2.10258
149550	1.28415
149600	1.23896
149650	1.1004
149700	1.02241
149750	0.668412
149800	2.30789
149850	1.316
149900	1.36098
149950	1.55317
150000	-1.25447
150050	0.55636
150100	0.752721
150150	0.26816
150200	0.57847
150250	0.218516
150300	0.25795
150350	0.171235
150400	0.628556
150450	0.382124
150500	-0.0051462
150550	2.68039
150600	1.02195
150650	1.7166
150700	0.516804
150750	2.59857
150800	1.26746
150850	1.86142
150900	1.22807
150950	1.55468
151000	0.931454
151050	1.78063
151100	3.16488
151150	0.331264
151200	1.30737
151250	0.015567
151300	0.911577
151350	0.536988
151400	1.10816
151450	2.02458
151500	2.11258
151550	0.173617
151600	1.59211
151650	1.87917
151700	1.57007
151750	1.3887
151800	1.18139
151850	2.1246
151900	0.849571
151950	1.81277
152000	0.756695
152050	1.37859
152100	0.055206
152150	1.05191
152200	0.472646
152250	1.00793
152300	2.47763
152350	1.1401
152400	1.96729
152450	0.390094
152500	-0.0854472
152550	1.23107
152600	0.398311
152650	1.63811
152700	0.203496
152750	-0.209014
152800	1.26625
152850	0.735519
152900	1.05961
152950	0.65928
153000	0.365127
153050	1.2326
153100	1.2353
153150	0.427225
153200	-0.265167
153250	0.832821
153300	0.968137
153350	-0.712765
153400	2.31531
153450	1.68126
153500	1.88084
153550	0.181382
153600	-0.151296
153650	-1.04796
153700	0.897625
153750	-2.00133
153800	0.410925
153850	-0.139537
153900	0.424968
153950	-1.42242
154000	1.37427
154050	0.16968
154100	3.5265
154150	1.0563
154200	1.99984
154250	1.27939
154300	1.67659
154350	-0.597209
154400	0.489099
154450	2.05587
154500	1.73974
154550	3.0029
154600	0.694387
154650	-0.936915
154700	0.0645388
154750	-0.665067
154800	-0.612487
154850	1.72832
154900	0.0790601
154950	1.77862
155000	0.980197
155050	1.11383
155100	1.46834
155150	0.797806
155200	1.24223
155250	0.0389539
155300	0.0538281
155350	1.00218
155400	0.226694
155450	0.1835
155500	1.61994
155550	0.78529
155600	1.63075
155650	0.537046
155700	0.680337
155750	0.745033
155800	1.80903
155850	3.11855
155900	1.21353
155950	-0.322503
156000	0.196888
156050	1.41776
156100	1.88529
156150	-0.282254
156200	1.06035
156250	-0.148227
156300	0.0478432
156350	0.345226
156400	1.30885
156450	0.778114
156500	1.36995
156550	1.6238
156600	1.61859
156650	2.7264
156700	1.67531
156750	2.3104
156800	1.88564
156850	1.69312
156900	1.4731
156950	2.21998
157000	2.50956
157050	2.47974
157100	0.854521
157150	1.31417
157200	0.720213
157250	1.2187
157300	2.21131
157350	1.48913
157400	0.966744
157450	1.29462
157500	1.73902
157550	-0.435347
157600	1.38815
157650	-0.356559
157700	0.357884
157750	1.06629
157800	0.936082
157850	2.47672
157900	1.20645
157950	0.277719
158000	1.89663
158050	3.12774
158100	0.0302812
158150	1.45957
158200	0.892293
158250	1.12399
158300	0.720881
158350	-1.61096
158400	0.606441
158450	1.26416
158500	1.07414
158550	1.21779
158600	0.808697
158650	1.26467
158700	1.37704
158750	0.464042
158800	0.160946
158850	1.95816
158900	2.09823
158950	0.898155
159000	0.671255
159050	0.619689
159100	3.24646
159150	1.78544
159200	1.4946
159250	0.645004
159300	2.41024
159350	2.94729
159400	1.91714
159450	0.911238
159500	1.50332
159550	2.37245
159600	1.75066
159650	2.20345
159700	-0.0686982
159750	-0.442441
159800	0.823022
159850	1.4048
159900	0.402041
159950	0.23936
160000	0.915925
160050	0.878208
160100	0.686749
160150	0.482705
160200	2.02083
160250	1.03664
160300	0.53449
160350	1.07309
160400	0.850733
160450	1.23973
160500	1.39434
160550	1.48546
160600	1.90549
160650	0.521089
160700	1.10321
160750	0.496944
160800	0.723726
160850	-1.11421
160900	1.65794
160950	-0.445557
161000	2.49326
161050	1.51922
161100	1.4273
161150	0.989262
161200	1.91601
161250	-0.264449
161300	2.87227
161350	1.00275
161400	1.26906
161450	0.914534
161500	1.47283
161550	2.2053
161600	2.27584
161650	-0.683183
161700	1.49133
161750	0.759894
161800	-0.324168
161850	1.94503
161900	-0.44456
161950	1.12095
162000	1.00616
162050	1.27637
162100	2.63443
162150	0.757603
162200	-0.327854
162250	1.10505
162300	0.0219657
162350	1.86472
162400	1.3987
162450	1.86055
162500	2.37541
162550	1.63381
162600	1.48623
162650	-0.464637
162700	1.28206
162750	-0.14674
162800	1.26981
162850	2.39638
162900	1.2833
162950	1.02504
163000	0.370192
163050	2.07892
163100	0.71117
163150	2.99081
163200	-0.406103
163250	1.2269
163300	1.4024
163350	3.21425
163400	0.587954
163450	-0.0923534
163500	0.0138376
163550	2.13935
163600	-0.522056
163650	0.713972
163700	1.9194
163750	-1.04172
163800	1.20032
163850	-0.0252814
163900	0.351128
163950	2.1807
164000	0.372095
164050	1.43707
164100	1.03382
164150	0.200237
164200	0.755488
164250	2.17684
164300	1.98923
164350	1.12367
164400	0.37754
164450	2.05276
164500	1.23143
164550	1.71086
164600	0.736484
164650	-0.0590993
164700	0.227413
164750	1.61145
164800	0.343155
164850	-0.330199
164900	1.31276
164950	0.933401
165000	1.50127
165050	1.56785
165100	-1.45409
165150	0.526604
165200	1.17424
165250	1.23966
165300	1.53526
165350	1.18135
165400	0.428455
165450	0.765976
165500	0.874471
165550	-0.751455
165600	1.98664
165650	0.160994
165700	1.26917
165750	1.14479
165800	2.00641
165850	2.21972
165900	0.304142
165950	1.39259
166000	-1.14602
166050	0.690735
166100	2.0735
166150	0.795529
166200	0.431698
166250	1.47543
166300	1.71686
166350	-0.0319782
166400	2.1103
166450	1.04922
166500	0.761364
166550	1.60378
166600	-0.00897931
166650	1.14518
166700	1.80415
166750	1.47571
166800	1.4318
166850	1.4412
166900	1.70993
166950	1.18587
167000	0.413975
167050	2.42424
167100	1.59085
167150	1.88512
167200	1.16473
167250	1.88246
167300	1.56647
167350	1.16888
167400	1.14261
167450	2.53268
167500	1.5604
167550	1.24044
167600	0.752089
167650	0.396777
167700	1.02142
167750	1.38403
167800	0.811009
167850	2.24188
167900	2.26828
167950	2.54477
168000	1.05736
168050	2.62593
168100	1.50294
168150	1.74245
168200	0.247391
168250	1.44231
168300	0.514425
168350	-0.0990044
168400	0.509327
168450	1.39172
168500	1.23398
168550	0.432547
168600	-0.22418
168650	1.10333
168700	-0.217064
168750	1.53662
168800	0.551545
168850	1.35673
168900	0.773911
168950	1.88103
169000	1.33464
169050	1.66353
169100	0.882604
169150	1.23792
169200	1.88471
169250	2.28801
169300	0.98157
169350	2.01939
169400	3.15861
169450	1.31431
169500	2.89512
169550	1.43985
169600	2.78755
169650	2.32923
169700	0.911003
169750	1.53564
169800	-0.00937746
169850	1.65853
169900	2.07294
169950	0.776654
170000	1.46058
170050	0.173517
170100	0.235378
170150	-0.0985014
170200	1.41372
170250	-0.164884
170300	0.350646
170350	2.16727
170400	0.675161
170450	1.67761
170500	1.00594
170550	1.26417
170600	0.355336
170650	1.27634
170700	0.770669
170750	0.897728
170800	0.843342
170850	1.31061
170900	0.19625
170950	0.396595
171000	0.464154
171050	1.3928
171100	1.65698
171150	0.707352
171200	2.57246
171250	1.93386
171300	0.917721
171350	1.72245
171400	-0.840924
171450	1.41331
171500	-0.0252628
171550	0.825083
171600	1.09407
171650	0.0196408
171700	-0.133212
171750	1.4855
171800	0.928527
171850	1.50679
171900	0.905786
171950	2.03372
172000	2.37109
172050	1.42967
172100	0.918391
172150	0.453459
172200	-0.157318
172250	0.559561
172300	1.13135
172350	0.972061
172400	1.50735
172450	0.274015
172500	0.336653
172550	1.23823
172600	1.0415
172650	0.550103
172700	0.73371
172750	1.29598
172800	1.25532
172850	2.35016
172900	1.43156
172950	1.35868
173000	1.74225
173050	1.28653
173100	0.745454
173150	1.34031
173200	1.07428
173250	0.243892
173300	1.05214
173350	-0.292045
173400	0.932077
173450	1.70244
173500	1.42502
173550	0.761527
173600	0.781176
173650	0.225405
173700	-0.805608
173750	1.15378
173800	1.47495
173850	0.708965
173900	1.47738
173950	2.60722
174000	0.666951
174050	2.59047
174100	-0.705429
174150	2.07073
174200	0.710402
174250	1.30915
174300	2.09044
174350	0.506533
174400	0.543637
174450	1.71961
174500	1.49466
174550	0.524482
174600	0.312715
174650	1.35879
174700	0.720439
174750	-0.342526
174800	1.71602
174850	1.59213
174900	0.74781
174950	1.53169
175000	1.57081
175050	0.51063
175100	0.239276
175150	0.505414
175200	-0.884458
175250	0.90409
175300	1.6874
175350	0.0821732
175400	1.52192
175450	2.9208
175500	-0.139111
175550	0.725049
175600	0.288208
175650	1.84504
175700	-0.169954
175750	1.87157
175800	0.637496
175850	1.86264
175900	2.13704
175950	0.811019
176000	1.47568
176050	2.56537
176100	1.47397
176150	0.570064
176200	1.96746
176250	0.084702
176300	2.25037
176350	0.708362
176400	1.15611
176450	0.935242
176500	0.791756
176550	2.62181
176600	0.371281
176650	0.480235
176700	1.52363
176750	0.591296
176800	2.79751
176850	1.95381
176900	0.222466
176950	1.52197
177000	1.50031
177050	0.0959763
177100	-0.252769
177150	-0.349578
177200	1.87615
177250	0.369747
177300	0.123829
177350	1.34089
177400	0.823062
177450	2.02434
177500	2.38212
177550	0.399975
177600	1.12684
177650	0.32987
177700	-0.538388
177750	1.9431
177800	0.90063
177850	1.56757
177900	2.11439
177950	1.23434
178000	1.86828
178050	1.91865
178100	2.13419
178150	0.60353
178200	1.39279
178250	0.519195
178300	3.01244
178350	1.75627
178400	0.291687
178450	0.0340957
178500	2.23189
178550	1.39407
178600	3.44675
178650	1.26629
178700	0.114883
178750	2.15415
178800	0.241425
178850	-0.209282
178900	2.63505
178950	1.80007
179000	2.56935
179050	-0.0118193
179100	0.876536
179150	0.699363
179200	1.23301
179250	1.32881
179300	0.358834
179350	-0.442729
179400	0.553916
179450	0.866292
179500	1.0268
179550	-0.43529
179600	1.99417
179650	-0.00897354
179700	-0.792301
179750	0.585702
179800	0.468898
179850	-0.912708
179900	1.28965
179950	1.00181
180000	3.06768
180050	-1.84511
180100	1.44564
180150	2.0195
180200	0.757191
180250	0.766781
180300	1.26677
180350	-0.134733
180400	1.3343
180450	-0.762823
180500	1.81733
180550	0.491796
180600	2.08517
180650	1.14131
180700	0.115383
180750	1.00934
180800	1.65295
180850	0.492027
180900	1.26891
180950	1.6036
181000	0.442586
181050	-1.25996
181100	1.98561
181150	0.29088
181200	1.28185
181250	2.01418
181300	0.702864
181350	0.0969847
181400	-0.0698909
181450	2.18672
181500	0.216618
181550	1.66626
181600	0.91388
181650	1.42305
181700	-0.338098
181750	1.35058
181800	0.162671
181850	0.0486971
181900	-1.09582
181950	0.667252
182000	-1.62597
182050	-1.4819
182100	0.595627
182150	2.20826
182200	1.35011
182250	-0.527035
182300	-0.784896
182350	0.3042
182400	1.02048
182450	1.58651
182500	2.69724
182550	0.82592
182600	-0.842807
182650	-0.553949
182700	0.760597
182750	-0.152105
182800	0.744685
182850	1.14847
182900	0.574977
182950	0.883609
183000	0.736881
183050	0.00640962
183100	0.66004
183150	0.864315
183200	0.781458
183250	1.89522
183300	2.24498
183350	1.30775
183400	3.01118
183450	0.346051
183500	1.75611
183550	0.256057
183600	0.578796
183650	1.34071
183700	0.115073
183750	2.04676
183800	-0.147659
183850	2.2628
183900	1.57927
183950	0.165419
184000	2.86783
184050	-0.100918
184100	1.73894
184150	2.09332
184200	2.29883
184250	1.80246
184300	0.926651
184350	1.36373
184400	-0.770671
184450	1.81089
184500	0.839101
184550	-0.778265
184600	0.36273
184650	-0.0967877
184700	1.47451
184750	1.2911
184800	0.668579
184850	-0.685562
184900	0.198376
184950	-0.479551
185000	0.390591
185050	1.1095
185100	0.508619
185150	1.46446
185200	1.73124
185250	1.1562
185300	1.293
185350	-0.368889
185400	0.296737
185450	1.10793
185500	0.471601
185550	0.161091
185600	-0.745346
185650	1.08696
185700	2.0068
185750	0.76762
185800	0.448636
185850	1.74164
185900	1.77374
185950	0.425189
186000	1.14578
186050	0.191267
186100	0.486573
186150	2.29145
186200	1.38283
186250	1.74983
186300	0.638735
186350	1.47207
186400	0.595555
186450	-0.341554
186500	-0.813146
186550	0.801118
186600	-1.11652
186650	3.36843
186700	1.001
186750	1.1486
186800	2.88811
186850	1.18174
186900	1.22044
186950	1.79006
187000	0.58721
187050	-0.13954
187100	-0.0104282
187150	1.55401
187200	0.32091
187250	2.70664
187300	2.02964
187350	-1.07385
187400	-0.259742
187450	-0.423009
187500	1.83548
187550	-0.0458453
187600	3.15954
187650	1.07391
187700	3.19489
187750	0.775786
187800	1.77942
187850	1.70202
187900	2.3159
187950	2.44637
188000	2.09285
188050	0.782008
188100	1.26568
188150	2.61818
188200	0.321652
188250	0.21453
188300	1.98829
188350	0.19859
188400	1.14267
188450	1.48243
188500	2.72274
188550	1.53084
188600	0.224415
188650	3.02268
188700	1.73799
188750	1.41479
188800	0.601829
188850	-0.49558
188900	1.76417
188950	0.562641
189000	0.418761
189050	2.08455
189100	0.0311544
189150	1.09552
189200	1.60127
189250	-0.205072
189300	2.16039
189350	1.11363
189400	1.02554
189450	0.853311
189500	1.27922
189550	-1.35959
189600	-0.542991
189650	1.26557
189700	0.692772
189750	1.18548
189800	1.50435
189850	0.773255
189900	0.492095
189950	1.26696
190000	0.813977
190050	-0.0255593
190100	1.797
190150	-1.56739
190200	0.364746
190250	0.733546
190300	0.509544
190350	1.05957
190400	0.199488
190450	0.462069
190500	0.804547
190550	0.852596
190600	-0.533143
190650	0.655265
190700	1.50382
190750	0.625533
190800	1.82855
190850	1.12744
190900	2.06299
190950	0.449078
191000	1.14919
191050	-0.487444
191100	0.121528
191150	1.32061
191200	-0.159913
191250	1.99036
191300	2.53841
191350	1.84015
191400	0.563619
191450	1.87119
191500	1.48942
191550	1.04473
191600	2.14116
191650	0.455641
191700	1.05258
191750	2.04367
191800	0.932877
191850	-0.428909
191900	1.1508
191950	2.16546
192000	0.75357
192050	1.47001
192100	-0.60836
192150	-0.949371
192200	0.699721
192250	2.47796
192300	2.25009
192350	1.49045
192400	1.46736
192450	1.55001
192500	1.70075
192550	0.841759
192600	1.00703
192650	-0.793293
192700	0.471831
192750	0.264238
192800	1.77657
192850	2.18355
192900	-1.06099
192950	1.08153
193000	0.735545
193050	1.60685
193100	0.714434
193150	1.8572
193200	1.88064
193250	2.62256
193300	1.93736
193350	2.6301
193400	0.785522
193450	0.610062
193500	1.54942
193550	0.0509657
193600	0.932061
193650	1.86814
193700	1.52585
193750	-0.688837
193800	-0.727169
193850	3.12157
193900	1.60866
193950	-1.56696
194000	-0.0348278
194050	0.0682847
194100	1.09238
194150	0.154084
194200	1.87669
194250	2.24216
194300	0.608931
194350	2.65743
194400	-0.366505
194450	1.36626
194500	1.33731
194550	1.6984
194600	0.858703
194650	1.69844
194700	0.841718
194750	0.119423
194800	0.880945
194850	0.299152
194900	0.707349
194950	2.35303
195000	0.925389
195050	2.52339
195100	2.08468
195150	2.58495
195200	2.40229
195250	0.564915
195300	-0.738626
195350	-0.987492
195400	0.488859
195450	1.7808
195500	1.6379
195550	1.61958
195600	2.43771
195650	1.78302
195700	1.17759
195750	0.890383
195800	0.0382641
195850	1.11957
195900	0.756722
195950	1.18934
196000	0.579275
196050	-0.458494
196100	3.41887
196150	0.862311
196200	1.52851
196250	2.41428
196300	0.0248888
196350	2.52728
196400	1.32986
196450	-0.0135339
196500	0.745872
196550	1.04919
196600	0.0187012
196650	0.101963
196700	-0.190325
196750	1.20889
196800	1.25099
196850	0.928255
196900	2.32584
196950	1.9706
197000	1.74468
197050	2.22869
197100	1.88046
197150	0.348986
197200	2.27698
197250	0.844779
197300	-0.305545
197350	0.23232
197400	0.320435
197450	1.40885
197500	1.93553
197550	-0.425775
197600	1.266
197650	0.652604
197700	1.21971
197750	0.859046
197800	1.88218
197850	-0.671261
197900	1.63743
197950	1.63061
198000	2.42922
198050	0.705737
198100	1.46531
198150	-0.0118173
198200	2.32331
198250	-0.0457328
198300	1.09366
198350	1.57658
198400	0.475376
198450	1.86421
198500	1.11041
198550	1.87525
198600	1.09964
198650	1.19166
198700	3.90793
198750	0.597311
198800	0.561032
198850	1.51537
198900	1.94278
198950	2.1913
199000	2.44344
199050	0.0788368
199100	-0.329479
199150	0.822566
199200	1.9751
199250	1.38175
199300	1.61803
199350	2.10019
199400	2.09677
199450	0.784084
199500	1.45298
199550	1.25606
199600	-0.886117
199650	1.29184
199700	1.62703
199750	3.01798
199800	1.91596
199850	2.01338
199900	2.09697
199950	-0.00862663
200000	0.827258
# end values
# end output
